lib/+Depomod/+Test/Fixtures/Gorsten/depomod/gridgen/Gorsten-asc.grd
DSAA
40 40
205712.5 206687.5
770212.5 771187.5
-4.0230258972346 123.94861765855
[rows 0 to 25 of 40, columns 0 to 39 of 40]
19.297573472865 20.006568482317 20.951936528938 21.898730401868 22.826786485964 23.775793143306 24.809252365372 25.978612320117 27.33282396341 29.250489334519 33.053989281951 37.415623200006 42.057487309869 47.857055584791 58.909090714951 76.91795176904 95.894211697908 105.61082759334 110.67079701083 114.23973813876 116.79156997369 118.63645650208 119.9380003825 120.77614292149 121.20659874457 121.27496414732 121.0165580858 120.45615466236 119.60941598386 118.48480298097 117.08482341326 115.40584867 113.43556344847 111.145522875 108.46790317095 105.16840812785 99.422375443174 86.888309508648 70.001987054311 54.204693306536
18.454522338171 19.07868594961 19.844248733002 20.653849526326 21.407995559853 22.181387461174 23.093289961743 24.248972291188 25.799365185444 28.023227751301 31.08415075134 34.525221157146 38.052537385337 42.133651156834 48.259159633415 63.910509527536 82.67880043849 98.263054533292 107.1459773599 112.35216738819 115.72278679904 118.18483999509 119.96772001193 121.17655312534 121.90317167725 122.22372075949 122.19290982283 121.84633364657 121.20586083123 120.28445801461 119.08904224719 117.62069709521 115.870809938 113.80796881753 111.33643504954 108.16083577134 103.42971222732 92.705378745056 78.007631450785 65.476012643563
17.726786423695 18.284244639538 18.921378271662 19.623069194889 20.208490584366 20.838739701655 21.667718244678 22.860243273166 24.624695109913 27.074156475492 30.030163668266 33.020197245292 35.767361450269 38.643728874252 43.034911223308 50.747161909696 68.701431882771 87.761371296831 102.4734856579 108.65044677098 113.21976360855 116.70159859331 119.20613591523 120.92242968153 122.03480027264 122.67533273536 122.92577729939 122.83325219505 122.42419175133 121.71323973765 120.70723700559 119.40434485946 117.78638280791 115.79750639053 113.29022672419 109.89264227779 104.70853563146 96.406637999131 85.818496022521 75.87824262639
17.098109060717 17.593760874949 18.111607576614 18.641683477432 19.149663460387 19.693529106758 20.411832506842 21.54839780917 23.478402726126 26.320399250659 29.715253327544 32.790353887527 35.090585628086 36.990955941716 39.474773202378 44.843574064805 57.365393670004 76.195372747112 92.557932236363 102.44674908043 109.41975910948 114.37832212454 117.75217758174 120.0427669288 121.59863542253 122.6169488013 123.20133694928 123.40485397178 123.25474812608 122.76490797887 121.94029133784 120.77505090722 119.243603335 117.28096184279 114.74598004452 111.3680662041 106.74191366324 100.58997323512 92.892118278593 84.41319300984
16.572838505319 17.017632170701 17.439855131849 17.869669082708 18.314908681866 18.780388679943 19.332754016564 20.161254047213 22.112873358141 25.380165238408 29.787963333299 33.477398651092 35.599868544665 36.849326766017 37.509422658681 40.830593115454 49.58100692765 65.957535793938 82.168766832042 95.285862577627 105.17672767029 111.60244685258 115.71992633258 118.55702570408 120.59204096166 122.0464962712 123.02284719642 123.56965560638 123.71110246605 123.45972980773 122.82017370365 121.78684783348 120.33665202671 118.41745730542 115.93658227094 112.76797489887 108.82925129587 104.27514144498 98.841217449893 90.937235681838
16.152480109977 16.567255609204 16.915691698284 17.295284615905 17.749486302648 18.186939523235 18.634277857689 19.244800724171 20.661994335993 23.550144609458 28.485650665721 32.97349071711 36.21359682518 38.218623650452 35.344484923777 37.447388158751 46.121809678735 59.267834299454 73.967309825908 88.444358843075 101.47239522044 108.38206602836 113.02502298442 116.41088793825 118.99885299725 120.97281302363 122.41259598482 123.35701965231 123.8272790706 123.83711503888 123.39519234262 122.50245760467 121.14688746076 119.29842887734 116.90950719516 113.93111783426 110.34928075715 106.17598267703 101.23908517276 95.20729890879
15.813107353168 16.235716308167 16.576385246102 16.961377568606 17.480302465745 17.950061683741 18.407267659209 18.911118075672 19.494472521025 20.359617662628 26.205844529194 30.842380450874 34.427883710937 36.382919513794 31.932750467015 35.029908652373 45.096100929991 54.37992855509 66.07437497547 80.073691345987 94.008758513223 103.79147203009 109.34138091118 113.5040936186 116.82025616593 119.43321895277 121.41950925271 122.81863724035 123.65478292675 123.94861765855 123.71909457394 122.98003719257 121.73569408349 119.97814063812 117.68907916064 114.84688592565 111.43017786902 107.39420830843 102.70170814302 97.950362997463
15.437992188276 15.927362095614 16.409114254335 16.915008547836 17.455736789439 17.991555240209 18.559803229062 19.199290884786 19.759993820019 20.231966958738 23.073800856377 27.655731982052 30.629531898348 32.01602608754 32.72669633732 39.059180444849 45.250750244919 48.219091227443 56.854481106134 70.27381421262 84.846616879268 96.886379395688 104.41964432645 109.8952263393 114.15514550511 117.52039437107 120.12728076408 122.0290640596 123.2588719192 123.85154647211 123.84373651342 123.26813068304 122.14860571335 120.49820660972 118.32023978015 115.61131065845 112.3634792787 108.57093136357 104.28525021642 99.879124451685
14.578025725694 15.432355471192 16.127894142129 16.843289060475 17.506270813684 18.128298473094 18.831962264521 19.828911398267 21.224589680149 21.253971219874 21.061547606985 25.202444712113 27.388829859718 28.976465819132 30.863736818531 34.145360703651 34.032226234447 40.161382873075 49.265268726449 62.072804650738 76.410852596893 89.638777400367 99.239649789314 106.04415280905 111.23535395241 115.38431488894 118.65262940097 121.08161714939 122.71204749158 123.60143216762 123.81233747056 123.40155014268 122.41480792689 120.88570609437 118.83751819003 116.28738242736 113.25403835804 109.77652338226 105.96071426184 102.03885855655
12.758423693482 14.47846110401 15.401419290286 16.621379993482 17.481356949172 18.171445748398 18.844100619508 19.900690295951 21.362766825802 21.474497900443 20.044056278756 23.103591572225 24.740345480888 26.094629164444 27.289713577981 27.705736593799 27.667380369126 35.83304855514 55.56636794133 54.154708601161 70.507618262956 85.123084780305 95.234264029084 102.48011053347 108.29879361664 113.19645009673 117.13365677585 120.07786683003 122.08217176244 123.24111317558 123.65111763299 123.39583070895 122.54295801915 121.14535169058 119.24446306509 116.87633994742 114.0815852722 110.92189230133 107.50201486875 103.97547626184
11.925596640666 10.963072130246 13.86927790608 16.079998787077 17.260699217598 18.044915646521 18.630597259862 19.346764347701 20.048843811379 20.176125417883 20.142987520916 21.143609483434 22.693517238439 23.907772998609 24.680184358928 24.652432618147 25.208108419209 29.2875815077 41.922917217024 51.642011884789 69.595564126537 83.111186496107 92.442131571014 99.346677827907 105.5339947691 111.14449794243 115.72252705774 119.10694191127 121.4110150225 122.78466866956 123.35892982484 123.24110446696 122.51760273155 121.2572732327 119.51581934607 117.34242154937 114.78905678019 111.92185928162 108.83030837424 105.62438982165
8.4238076974713 9.2360904834095 11.282671686409 15.111686368458 16.7324920823 17.65657728669 18.156628854448 18.59733886105 18.954479894408 19.266398536538 19.951174685009 20.432368402788 21.525625474623 22.695631687499 23.62244711871 23.265739086951 23.439217484625 25.648871822302 32.497463416738 42.130294155991 57.501549802569 77.074821288984 90.026495616642 98.243700651824 103.07343060733 109.5377185718 114.55762579018 118.19282483751 120.67774411293 122.19709516314 122.89682855107 122.89717446379 122.29778828037 121.17932384045 119.60670520693 117.63540102045 115.31974246076 112.72117715982 109.91307136859 106.97813976624
3.348472185778 4.6371087396594 12.570375911552 14.374896672614 14.566055784666 16.777637756823 17.195721436867 17.775491944868 18.107510562462 18.304025199658 19.435869104187 20.121720738571 20.819594521392 21.759964139251 22.519528062629 22.381795879382 22.631500630758 24.312803596251 28.174127482808 34.698969927558 46.761830930786 65.552804629222 88.874273192321 101.02293384827 103.54494195578 108.73178910065 113.53055231639 117.18503491344 119.75546734924 121.37853317599 122.18249111623 122.29182264605 121.81781557731 120.85061833883 119.45978746246 117.70078429768 115.62365944342 113.28074332891 110.73081682828 108.03831858046
1.4843891017972 3.7000053826962 12.007939009238 8.7176139558261 9.5077022526724 13.770146993204 15.462775759294 16.76679353684 17.87911123186 18.586301998115 19.270591511483 19.289834213298 20.319367836949 20.954454461484 21.421253163761 21.691067192629 22.304107682798 23.625064970538 25.893502503139 30.256954190645 38.170708252149 48.882929405637 84.517239665797 99.777640671278 101.4794220934 106.95858984682 111.95082496503 115.68940459659 118.40425275877 120.17062389525 121.09494251541 121.32335797462 120.98961756693 120.19494762763 119.00968320576 117.48339794989 115.65654613152 113.56967923547 111.26841165344 108.8040127453
0.56328685736912 1.4760878587457 9.097781176259 6.0053172077388 8.2173503987981 11.455212727792 13.166033289095 15.488355007967 18.088059259573 19.283489024605 19.34653935219 19.875267615961 20.184084780791 20.464163034074 20.79752966521 21.282643064276 22.228785874174 23.581550433209 25.085632964024 28.051396889292 32.671885106155 39.902455472078 55.020342925403 74.393560196006 91.134279255283 103.0552710439 109.03571999151 113.16757899463 116.34786019946 118.39344713874 119.4869326165 119.86481913294 119.70559317712 119.12406300584 118.18637982906 116.92955878315 115.37941027275 113.5627813378 111.51343711495 109.27309799976
0.32760633647443 0.69558125429477 1.0016858033442 3.6318864961386 9.5861689014131 10.644782334186 9.9901111895785 13.485719822854 18.048997569614 19.554120771482 19.639266089077 19.9103315978 20.054064832018 20.155140413979 20.359157086196 21.018531149083 22.0749116604 23.338555536077 24.883486368272 27.180056656081 30.466547664398 34.647438740364 41.272122553504 56.044411724708 78.337929779767 100.01347336907 103.14961890412 109.21079638498 113.42991140565 115.87430546785 117.18580264071 117.76408723343 117.84083961954 117.54151898974 116.91944001031 115.99018789977 114.75984205959 113.24070499594 111.45676136441 109.44374069833
0.098032144253146 0.084359609515037 -0.15039601321109 1.6581903583891 7.4471452898132 8.0728617304254 6.6717610802004 10.496504352642 14.360446974698 17.316914089228 18.998927369388 19.743335870428 19.873391766564 19.968370403553 20.272038612619 21.057360839662 22.217123507278 23.591887015356 25.209337615182 27.126391856489 29.450570367723 32.272865875149 36.95855080673 44.81985186948 56.941489686865 81.802419488284 94.464617484284 104.35969743637 109.53859291641 112.35823526839 113.96677215695 114.84070069309 115.25628092681 115.34875978841 115.14454863909 114.62563956155 113.77447616096 112.59089773254 111.09315914256 109.31514858031
-2.0520377777311 -1.8313451424954 -1.7148144718364 -0.85539861899175 1.600465828448 3.4104228912248 4.6094851602896 8.9812498232518 10.760028214413 15.155886509922 18.040080391648 19.367482135212 19.565488311676 19.806463004475 20.405161140602 21.30928432901 22.610245189656 24.205286199477 25.906113907524 27.538549364169 29.21616857093 31.446695093659 34.817033503258 39.436693547199 47.373801430246 64.692738287866 82.30347365215 96.641472697023 103.65218904082 107.34604704431 109.55398849799 110.89281211512 111.80623434952 112.45636162639 112.81381826051 112.8117463638 112.41073838852 111.60716209189 110.42058504177 108.88705841118
1.70141E+038 -3.8055104756145 -3.3138407093737 -2.6096141319056 -1.6938728879119 0.11210618277691 5.6664149111112 14.321301670865 12.952098565651 14.406106099983 16.761225135145 18.323559348444 19.017466018568 19.692012968647 20.386518385669 21.382072357845 22.925543341246 24.959535345985 26.914226839172 28.521560991466 29.751356549983 31.907573561063 35.077418716768 39.193011925668 45.083137720236 55.379380549102 69.649849874385 83.715405351783 94.094056713799 100.09514439938 103.75235614976 105.69131264042 107.35648002831 108.80485372295 109.90970467784 110.54363341001 110.66338189344 110.28455839861 109.43663460504 108.15747343489
1.70141E+038 1.70141E+038 -3.9477469120864 -3.6272701651967 -3.0717781039228 -1.8389975057445 0.28504130828404 7.5422152360111 9.9210150182472 13.662429424549 13.071836343904 15.054914754295 18.29099805631 19.375003070753 20.019534354832 20.935092158493 22.638558678989 25.461144394251 27.932438506711 29.444318786429 32.194213239349 33.080858229094 36.35068149824 40.907948070408 45.419620558843 49.460890697484 59.546682934884 72.659845023787 82.971818002082 90.548954843963 95.708190796204 99.023887819298 101.85377206535 104.39141435476 106.45375936074 107.8252821831 108.51573996967 108.6046163077 108.13111758684 107.11835855002
1.70141E+038 1.70141E+038 -4.0230258972346 1.70141E+038 -3.849705326985 -3.0232219449118 -0.88386243845366 2.5356109101555 5.9668996296521 12.590251445078 12.726447232841 15.23183490485 17.840952292797 18.664141480908 19.120535838814 19.816229765276 21.074375381669 24.159671246411 26.896745329389 28.536571387634 30.315817382734 30.769722362377 36.440495153576 42.199842848313 46.533161441625 50.847663889567 55.686710813209 64.527135457423 73.172519542934 80.554589880918 86.505179535465 91.279690637671 95.417476317353 99.220261684563 102.45859686964 104.61311677857 105.88523606454 106.50635326028 106.47565782055 105.74816651976
1.70141E+038 -3.9864218362089 1.70141E+038 1.70141E+038 1.70141E+038 -3.9027801280354 -2.038210058425 0.90093803367796 4.4778170697494 8.4026909412683 10.687927280689 12.665080327345 14.839602798437 16.257788973861 17.705669521006 18.660482897861 19.439906731776 21.398738149869 23.983375528467 26.214307226616 28.2370240168 29.624461512309 33.49224373756 39.292218351011 43.701470426454 47.549200682958 51.777715715699 57.698355526811 64.395846052886 71.138690917426 77.452103440012 83.118700720267 88.255932265728 93.021826672787 97.296917555306 100.71095524985 102.48897044942 103.85644010561 104.40790984066 103.98991393542
1.70141E+038 1.70141E+038 1.70141E+038 1.70141E+038 1.70141E+038 1.70141E+038 -2.9943889264513 -0.20814892739417 2.5358289667778 5.2307954593408 7.5519662845736 9.9240994010075 10.417903417743 12.929290339954 16.330425225954 17.657177184743 18.1425193367 19.113119198957 21.376556809083 23.604425643679 25.56788522859 27.55456326244 31.306127652139 36.495572826658 39.24859625407 42.583758328555 46.478129608578 50.937732960121 56.003594064998 62.228280695666 68.76812834948 74.927471872969 80.663437661592 85.988493397786 90.806478289293 94.823196016435 97.873236769055 100.44006998551 101.69580623819 101.63960772159
1.70141E+038 1.70141E+038 1.70141E+038 1.70141E+038 1.70141E+038 1.70141E+038 -3.851993491596 -1.7153571362429 0.8103354645628 2.9547174388823 4.7800423085415 9.1054330518384 12.800740624667 14.316552118228 15.473671222548 16.680991456081 17.229115119722 17.902348205899 19.487281535922 21.30083404598 23.257231946385 25.528881784318 28.816982997802 32.010427469736 33.738060722305 37.476573624366 41.132548925366 44.680053921068 48.286250707485 54.25850069751 60.719060272571 66.975801249879 72.98243291889 78.624071388924 83.767241669837 88.256650488463 92.047112699909 95.178105493413 97.132452761524 97.652082361722
1.70141E+038 1.70141E+038 1.70141E+038 1.70141E+038 1.70141E+038 1.70141E+038 1.70141E+038 -3.0898138305244 -0.56576142330528 1.6709045635471 3.983965349655 7.936970937475 11.55793586635 11.068872750897 14.667661429318 16.204242374335 16.544349288948 16.659600029684 17.53575586845 19.193751737057 21.108126758008 22.998405063857 24.985443849905 27.247141476198 30.475462032679 33.726833142414 36.590563856511 39.515671576863 43.078470467691 47.877277783907 53.443767768012 59.421804231788 65.474341715325 71.255886731869 76.610754095351 81.397540279075 85.508703677957 88.82063100911 91.106401696163 92.227475044592
1.70141E+038 1.70141E+038 1.70141E+038 1.70141E+038 1.70141E+038 1.70141E+038 1.70141E+038 1.70141E+038 -2.075883173639 0.60762174660368 2.4972240745114 5.1018205539331 7.4215360433085 9.9905220911274 14.310632763941 15.641993463866 15.927042367433 15.813233011938 15.575605478924 17.422039251693 19.105643211695 20.755189121277 22.670159484765 26.507446921734 30.410225346351 31.142450032043 32.719505990003 34.885549917277 38.031106004052 42.18493102333 46.91731329206 52.44792977167 58.312564757314 64.069203724779 69.537534050295 74.5075865577 78.813052091272 82.328936610129 84.937208596498 86.584633118511
